Particle T_old (K) T_new (K) Heating Cooling Difference F_ratio Converged?
1 5.00000E+01 5.00000E+01 3.14489E-22 2.34163E-22 +8.03260E-23 29.281% ---Yes----
2 5.00000E+01 5.00000E+01 3.14489E-22 2.34163E-22 +8.03259E-23 29.281% ---Yes----
3 5.00000E+01 5.00000E+01 3.14489E-22 2.34163E-22 +8.03259E-23 29.281% ---Yes----
4 5.00000E+01 5.00000E+01 3.14489E-22 2.34163E-22 +8.03259E-23 29.281% ---Yes----
5 5.00000E+01 5.00000E+01 3.14489E-22 2.34163E-22 +8.03259E-23 29.281% ---Yes----
6 5.00000E+01 5.00000E+01 3.14489E-22 2.34163E-22 +8.03259E-23 29.281% ---Yes----
7 5.00000E+01 5.00000E+01 3.14489E-22 2.34163E-22 +8.03259E-23 29.281% ---Yes----
8 5.00000E+01 5.00000E+01 3.14489E-22 2.34163E-22 +8.03258E-23 29.281% ---Yes----
9 5.00000E+01 5.00000E+01 3.14489E-22 2.34163E-22 +8.03258E-23 29.281% ---Yes----
10 5.00000E+01 5.00000E+01 3.14489E-22 2.34163E-22 +8.03258E-23 29.281% ---Yes----
11 5.00000E+01 5.00000E+01 3.14489E-22 2.34163E-22 +8.03258E-23 29.281% ---Yes----
12 5.00000E+01 5.00000E+01 3.14489E-22 2.34163E-22 +8.03258E-23 29.281% ---Yes----
13 5.00000E+01 5.00000E+01 3.14489E-22 2.34163E-22 +8.03258E-23 29.281% ---Yes----
14 5.00000E+01 5.00000E+01 3.14489E-22 2.34163E-22 +8.03258E-23 29.281% ---Yes----
15 5.00000E+01 5.00000E+01 3.14488E-22 2.34163E-22 +8.03258E-23 29.281% ---Yes----
16 5.00000E+01 5.00000E+01 3.14488E-22 2.34163E-22 +8.03257E-23 29.281% ---Yes----
17 5.00000E+01 5.00000E+01 3.14488E-22 2.34163E-22 +8.03257E-23 29.281% ---Yes----
18 5.00000E+01 5.00000E+01 3.14488E-22 2.34163E-22 +8.03257E-23 29.281% ---Yes----
19 5.00000E+01 5.00000E+01 3.14488E-22 2.34163E-22 +8.03257E-23 29.281% ---Yes----
20 5.00000E+01 5.00000E+01 3.14488E-22 2.34163E-22 +8.03257E-23 29.281% ---Yes----
21 5.00000E+01 5.00000E+01 3.14488E-22 2.34163E-22 +8.03257E-23 29.281% ---Yes----
22 5.00000E+01 5.00000E+01 3.14488E-22 2.34163E-22 +8.03257E-23 29.281% ---Yes----
23 5.00000E+01 5.00000E+01 3.14488E-22 2.34163E-22 +8.03257E-23 29.281% ---Yes----
24 5.00000E+01 5.00000E+01 3.14488E-22 2.34163E-22 +8.03257E-23 29.281% ---Yes----
25 5.00000E+01 5.00000E+01 3.14488E-22 2.34163E-22 +8.03256E-23 29.281% ---Yes----
26 5.00000E+01 5.00000E+01 3.14488E-22 2.34163E-22 +8.03256E-23 29.281% ---Yes----
27 5.00000E+01 5.00000E+01 3.14488E-22 2.34163E-22 +8.03256E-23 29.281% ---Yes----
28 5.00000E+01 5.00000E+01 3.14488E-22 2.34163E-22 +8.03256E-23 29.281% ---Yes----
29 5.00000E+01 5.00000E+01 3.14488E-22 2.34163E-22 +8.03256E-23 29.281% ---Yes----
30 5.00000E+01 5.00000E+01 3.14488E-22 2.34163E-22 +8.03256E-23 29.281% ---Yes----
31 5.00000E+01 5.00000E+01 3.14488E-22 2.34163E-22 +8.03256E-23 29.281% ---Yes----
32 5.00000E+01 5.00000E+01 3.14488E-22 2.34163E-22 +8.03256E-23 29.281% ---Yes----
33 5.00000E+01 5.00000E+01 3.14488E-22 2.34163E-22 +8.03255E-23 29.281% ---Yes----
34 5.00000E+01 5.00000E+01 3.14488E-22 2.34163E-22 +8.03255E-23 29.281% ---Yes----
35 5.00000E+01 5.00000E+01 3.14488E-22 2.34163E-22 +8.03255E-23 29.281% ---Yes----
36 5.00000E+01 5.00000E+01 3.14488E-22 2.34163E-22 +8.03255E-23 29.281% ---Yes----
37 5.00000E+01 5.00000E+01 3.14488E-22 2.34163E-22 +8.03255E-23 29.281% ---Yes----
38 5.00000E+01 5.00000E+01 3.14488E-22 2.34163E-22 +8.03255E-23 29.281% ---Yes----
39 5.00000E+01 5.00000E+01 3.14488E-22 2.34163E-22 +8.03255E-23 29.281% ---Yes----
40 5.00000E+01 5.00000E+01 3.14488E-22 2.34163E-22 +8.03255E-23 29.281% ---Yes----
41 5.00000E+01 5.00000E+01 3.14488E-22 2.34163E-22 +8.03255E-23 29.281% ---Yes----
42 5.00000E+01 5.00000E+01 3.14488E-22 2.34162E-22 +8.03254E-23 29.281% ---Yes----
43 5.00000E+01 5.00000E+01 3.14488E-22 2.34162E-22 +8.03254E-23 29.281% ---Yes----
44 5.00000E+01 5.00000E+01 3.14488E-22 2.34162E-22 +8.03254E-23 29.281% ---Yes----
45 5.00000E+01 5.00000E+01 3.14488E-22 2.34162E-22 +8.03254E-23 29.281% ---Yes----
46 5.00000E+01 5.00000E+01 3.14488E-22 2.34162E-22 +8.03254E-23 29.281% ---Yes----
47 5.00000E+01 5.00000E+01 3.14488E-22 2.34162E-22 +8.03254E-23 29.281% ---Yes----
48 5.00000E+01 5.00000E+01 3.14488E-22 2.34162E-22 +8.03254E-23 29.281% ---Yes----
49 5.00000E+01 5.00000E+01 3.14488E-22 2.34162E-22 +8.03254E-23 29.281% ---Yes----
50 5.00000E+01 5.00000E+01 3.14488E-22 2.34162E-22 +8.03253E-23 29.281% ---Yes----
51 5.00000E+01 5.00000E+01 3.14488E-22 2.34162E-22 +8.03253E-23 29.281% ---Yes----
52 5.00000E+01 5.00000E+01 3.14488E-22 2.34162E-22 +8.03253E-23 29.281% ---Yes----
53 5.00000E+01 5.00000E+01 3.14488E-22 2.34162E-22 +8.03253E-23 29.281% ---Yes----
54 5.00000E+01 5.00000E+01 3.14488E-22 2.34162E-22 +8.03253E-23 29.281% ---Yes----
55 5.00000E+01 5.00000E+01 3.14488E-22 2.34162E-22 +8.03253E-23 29.281% ---Yes----
56 5.00000E+01 5.00000E+01 3.14488E-22 2.34162E-22 +8.03253E-23 29.281% ---Yes----
57 5.00000E+01 5.00000E+01 3.14488E-22 2.34162E-22 +8.03253E-23 29.281% ---Yes----
58 5.00000E+01 5.00000E+01 3.14488E-22 2.34162E-22 +8.03252E-23 29.281% ---Yes----
59 5.00000E+01 5.00000E+01 3.14488E-22 2.34162E-22 +8.03252E-23 29.281% ---Yes----
60 5.00000E+01 5.00000E+01 3.14488E-22 2.34162E-22 +8.03252E-23 29.281% ---Yes----
61 5.00000E+01 5.00000E+01 3.14488E-22 2.34162E-22 +8.03252E-23 29.281% ---Yes----
62 5.00000E+01 5.00000E+01 3.14488E-22 2.34162E-22 +8.03252E-23 29.281% ---Yes----
63 5.00000E+01 5.00000E+01 3.14488E-22 2.34162E-22 +8.03252E-23 29.281% ---Yes----
64 5.00000E+01 5.00000E+01 3.14487E-22 2.34162E-22 +8.03252E-23 29.281% ---Yes----
65 5.00000E+01 5.00000E+01 3.14487E-22 2.34162E-22 +8.03252E-23 29.281% ---Yes----
66 5.00000E+01 5.00000E+01 3.14487E-22 2.34162E-22 +8.03252E-23 29.281% ---Yes----
67 5.00000E+01 5.00000E+01 3.14487E-22 2.34162E-22 +8.03251E-23 29.281% ---Yes----
68 5.00000E+01 5.00000E+01 3.14487E-22 2.34162E-22 +8.03251E-23 29.281% ---Yes----
69 5.00000E+01 5.00000E+01 3.14487E-22 2.34162E-22 +8.03251E-23 29.281% ---Yes----
70 5.00000E+01 5.00000E+01 3.14487E-22 2.34162E-22 +8.03251E-23 29.281% ---Yes----
71 5.00000E+01 5.00000E+01 3.14487E-22 2.34162E-22 +8.03251E-23 29.281% ---Yes----
72 5.00000E+01 5.00000E+01 3.14487E-22 2.34162E-22 +8.03251E-23 29.281% ---Yes----
73 5.00000E+01 5.00000E+01 3.14487E-22 2.34162E-22 +8.03251E-23 29.281% ---Yes----
74 5.00000E+01 5.00000E+01 3.14487E-22 2.34162E-22 +8.03250E-23 29.281% ---Yes----
75 5.00000E+01 5.00000E+01 3.14487E-22 2.34162E-22 +8.03250E-23 29.281% ---Yes----
76 5.00000E+01 5.00000E+01 3.14487E-22 2.34162E-22 +8.03250E-23 29.281% ---Yes----
77 5.00000E+01 5.00000E+01 3.14487E-22 2.34162E-22 +8.03250E-23 29.281% ---Yes----
78 5.00000E+01 5.00000E+01 3.14487E-22 2.34162E-22 +8.03250E-23 29.281% ---Yes----
79 5.00000E+01 5.00000E+01 3.14487E-22 2.34162E-22 +8.03250E-23 29.281% ---Yes----
80 5.00000E+01 5.00000E+01 3.14487E-22 2.34162E-22 +8.03250E-23 29.281% ---Yes----
81 5.00000E+01 5.00000E+01 3.14487E-22 2.34162E-22 +8.03250E-23 29.281% ---Yes----
82 5.00000E+01 5.00000E+01 3.14487E-22 2.34162E-22 +8.03250E-23 29.281% ---Yes----
83 5.00000E+01 5.00000E+01 3.14487E-22 2.34162E-22 +8.03249E-23 29.281% ---Yes----
84 5.00000E+01 5.00000E+01 3.14487E-22 2.34162E-22 +8.03249E-23 29.281% ---Yes----
85 5.00000E+01 5.00000E+01 3.14487E-22 2.34162E-22 +8.03249E-23 29.281% ---Yes----
86 5.00000E+01 5.00000E+01 3.14487E-22 2.34162E-22 +8.03249E-23 29.281% ---Yes----
87 5.00000E+01 5.00000E+01 3.14487E-22 2.34162E-22 +8.03249E-23 29.281% ---Yes----
88 5.00000E+01 5.00000E+01 3.14487E-22 2.34162E-22 +8.03249E-23 29.281% ---Yes----
89 5.00000E+01 5.00000E+01 3.14487E-22 2.34162E-22 +8.03249E-23 29.281% ---Yes----
90 5.00000E+01 5.00000E+01 3.14487E-22 2.34162E-22 +8.03249E-23 29.281% ---Yes----
91 5.00000E+01 5.00000E+01 3.14487E-22 2.34162E-22 +8.03248E-23 29.281% ---Yes----
92 5.00000E+01 5.00000E+01 3.14487E-22 2.34162E-22 +8.03248E-23 29.281% ---Yes----
93 5.00000E+01 5.00000E+01 3.14487E-22 2.34162E-22 +8.03247E-23 29.281% ---Yes----
94 5.00000E+01 5.00000E+01 3.14486E-22 2.34162E-22 +8.03246E-23 29.281% ---Yes----
95 5.00000E+01 5.00000E+01 3.14486E-22 2.34162E-22 +8.03245E-23 29.281% ---Yes----
96 5.00000E+01 5.00000E+01 3.14486E-22 2.34162E-22 +8.03243E-23 29.281% ---Yes----
97 5.00000E+01 5.00000E+01 3.14486E-22 2.34162E-22 +8.03242E-23 29.281% ---Yes----
98 5.00000E+01 5.00000E+01 3.14486E-22 2.34162E-22 +8.03241E-23 29.281% ---Yes----
99 5.00000E+01 5.00000E+01 3.14485E-22 2.34161E-22 +8.03240E-23 29.281% ---Yes----
100 5.00000E+01 5.00000E+01 3.14485E-22 2.34161E-22 +8.03239E-23 29.281% ---Yes----
101 5.00000E+01 5.00000E+01 3.14485E-22 2.34161E-22 +8.03237E-23 29.281% ---Yes----
102 5.00000E+01 5.00000E+01 3.14485E-22 2.34161E-22 +8.03236E-23 29.281% ---Yes----
103 5.00000E+01 5.00000E+01 3.14485E-22 2.34161E-22 +8.03235E-23 29.281% ---Yes----
104 5.00000E+01 5.00000E+01 3.14484E-22 2.34161E-22 +8.03234E-23 29.281% ---Yes----
105 5.00000E+01 5.00000E+01 3.14484E-22 2.34161E-22 +8.03232E-23 29.281% ---Yes----
106 5.00000E+01 5.00000E+01 3.14484E-22 2.34161E-22 +8.03231E-23 29.281% ---Yes----
107 5.00000E+01 5.00000E+01 3.14484E-22 2.34161E-22 +8.03230E-23 29.281% ---Yes----
108 5.00000E+01 5.00000E+01 3.14484E-22 2.34161E-22 +8.03229E-23 29.280% ---Yes----
109 5.00000E+01 5.00000E+01 3.14483E-22 2.34161E-22 +8.03227E-23 29.280% ---Yes----
110 5.00000E+01 5.00000E+01 3.14483E-22 2.34161E-22 +8.03226E-23 29.280% ---Yes----
111 5.00000E+01 5.00000E+01 3.14483E-22 2.34160E-22 +8.03225E-23 29.280% ---Yes----
112 5.00000E+01 5.00000E+01 3.14483E-22 2.34160E-22 +8.03224E-23 29.280% ---Yes----
113 5.00000E+01 5.00000E+01 3.14483E-22 2.34160E-22 +8.03222E-23 29.280% ---Yes----
114 5.00000E+01 5.00000E+01 3.14482E-22 2.34160E-22 +8.03221E-23 29.280% ---Yes----
115 5.00000E+01 5.00000E+01 3.14482E-22 2.34160E-22 +8.03220E-23 29.280% ---Yes----
116 5.00000E+01 5.00000E+01 3.14482E-22 2.34160E-22 +8.03219E-23 29.280% ---Yes----
117 5.00000E+01 5.00000E+01 3.14482E-22 2.34160E-22 +8.03217E-23 29.280% ---Yes----
118 5.00000E+01 5.00000E+01 3.14481E-22 2.34160E-22 +8.03216E-23 29.280% ---Yes----
119 5.00000E+01 5.00000E+01 3.14481E-22 2.34160E-22 +8.03215E-23 29.280% ---Yes----
120 5.00000E+01 5.00000E+01 3.14481E-22 2.34160E-22 +8.03214E-23 29.280% ---Yes----
121 5.00000E+01 5.00000E+01 3.14481E-22 2.34160E-22 +8.03213E-23 29.280% ---Yes----
122 5.00000E+01 5.00000E+01 3.14481E-22 2.34160E-22 +8.03211E-23 29.280% ---Yes----
123 5.00000E+01 5.00000E+01 3.14480E-22 2.34159E-22 +8.03210E-23 29.280% ---Yes----
124 5.00000E+01 5.00000E+01 3.14480E-22 2.34159E-22 +8.03209E-23 29.280% ---Yes----
125 5.00000E+01 5.00000E+01 3.14480E-22 2.34159E-22 +8.03207E-23 29.280% ---Yes----
126 5.00000E+01 5.00000E+01 3.14480E-22 2.34159E-22 +8.03206E-23 29.280% ---Yes----
127 5.00000E+01 5.00000E+01 3.14480E-22 2.34159E-22 +8.03205E-23 29.280% ---Yes----
128 5.00000E+01 5.00000E+01 3.14479E-22 2.34159E-22 +8.03204E-23 29.280% ---Yes----
129 5.00000E+01 5.00000E+01 3.14479E-22 2.34159E-22 +8.03202E-23 29.280% ---Yes----
130 5.00000E+01 5.00000E+01 3.14479E-22 2.34159E-22 +8.03201E-23 29.280% ---Yes----
131 5.00000E+01 5.00000E+01 3.14479E-22 2.34159E-22 +8.03200E-23 29.280% ---Yes----
132 5.00000E+01 5.00000E+01 3.14479E-22 2.34159E-22 +8.03199E-23 29.280% ---Yes----
133 5.00000E+01 5.00000E+01 3.14478E-22 2.34159E-22 +8.03197E-23 29.280% ---Yes----
134 5.00000E+01 5.00000E+01 3.14478E-22 2.34158E-22 +8.03196E-23 29.280% ---Yes----
135 5.00000E+01 5.00000E+01 3.14478E-22 2.34158E-22 +8.03195E-23 29.280% ---Yes----
136 5.00000E+01 5.00000E+01 3.14478E-22 2.34158E-22 +8.03194E-23 29.280% ---Yes----
137 5.00000E+01 5.00000E+01 3.14477E-22 2.34158E-22 +8.03192E-23 29.280% ---Yes----
138 5.00000E+01 5.00000E+01 3.14477E-22 2.34158E-22 +8.03191E-23 29.280% ---Yes----
139 5.00000E+01 5.00000E+01 3.14477E-22 2.34158E-22 +8.03190E-23 29.280% ---Yes----
140 5.00000E+01 5.00000E+01 3.14477E-22 2.34158E-22 +8.03189E-23 29.280% ---Yes----
141 5.00000E+01 5.00000E+01 3.14477E-22 2.34158E-22 +8.03187E-23 29.280% ---Yes----
142 5.00000E+01 5.00000E+01 3.14476E-22 2.34158E-22 +8.03186E-23 29.279% ---Yes----
143 5.00000E+01 5.00000E+01 3.14476E-22 2.34158E-22 +8.03185E-23 29.279% ---Yes----
144 5.00000E+01 5.00000E+01 3.14476E-22 2.34158E-22 +8.03184E-23 29.279% ---Yes----
145 5.00000E+01 5.00000E+01 3.14476E-22 2.34158E-22 +8.03182E-23 29.279% ---Yes----
146 5.00000E+01 5.00000E+01 3.14476E-22 2.34157E-22 +8.03181E-23 29.279% ---Yes----
147 5.00000E+01 5.00000E+01 3.14475E-22 2.34157E-22 +8.03180E-23 29.279% ---Yes----
148 5.00000E+01 5.00000E+01 3.14475E-22 2.34157E-22 +8.03178E-23 29.279% ---Yes----
149 5.00000E+01 5.00000E+01 3.14475E-22 2.34157E-22 +8.03177E-23 29.279% ---Yes----
150 5.00000E+01 5.00000E+01 3.14475E-22 2.34157E-22 +8.03176E-23 29.279% ---Yes----
151 5.00000E+01 5.00000E+01 3.14474E-22 2.34157E-22 +8.03175E-23 29.279% ---Yes----
152 5.00000E+01 5.00000E+01 3.14474E-22 2.34157E-22 +8.03173E-23 29.279% ---Yes----
153 5.00000E+01 5.00000E+01 3.14474E-22 2.34157E-22 +8.03172E-23 29.279% ---Yes----
154 5.00000E+01 5.00000E+01 3.14474E-22 2.34157E-22 +8.03171E-23 29.279% ---Yes----
155 5.00000E+01 5.00000E+01 3.14474E-22 2.34157E-22 +8.03170E-23 29.279% ---Yes----
156 5.00000E+01 5.00000E+01 3.14473E-22 2.34157E-22 +8.03168E-23 29.279% ---Yes----
157 5.00000E+01 5.00000E+01 3.14473E-22 2.34156E-22 +8.03167E-23 29.279% ---Yes----
158 5.00000E+01 5.00000E+01 3.14473E-22 2.34156E-22 +8.03166E-23 29.279% ---Yes----
159 5.00000E+01 5.00000E+01 3.14473E-22 2.34156E-22 +8.03164E-23 29.279% ---Yes----
160 5.00000E+01 5.00000E+01 3.14472E-22 2.34156E-22 +8.03163E-23 29.279% ---Yes----
161 5.00000E+01 5.00000E+01 3.14472E-22 2.34156E-22 +8.03162E-23 29.279% ---Yes----
162 5.00000E+01 5.00000E+01 3.14472E-22 2.34156E-22 +8.03161E-23 29.279% ---Yes----
163 5.00000E+01 5.00000E+01 3.14472E-22 2.34156E-22 +8.03159E-23 29.279% ---Yes----
164 5.00000E+01 5.00000E+01 3.14472E-22 2.34156E-22 +8.03158E-23 29.279% ---Yes----
165 5.00000E+01 5.00000E+01 3.14471E-22 2.34156E-22 +8.03157E-23 29.279% ---Yes----
166 5.00000E+01 5.00000E+01 3.14471E-22 2.34156E-22 +8.03155E-23 29.279% ---Yes----
167 5.00000E+01 5.00000E+01 3.14471E-22 2.34156E-22 +8.03154E-23 29.279% ---Yes----
168 5.00000E+01 5.00000E+01 3.14471E-22 2.34155E-22 +8.03153E-23 29.279% ---Yes----
169 5.00000E+01 5.00000E+01 3.14471E-22 2.34155E-22 +8.03152E-23 29.279% ---Yes----
170 5.00000E+01 5.00000E+01 3.14470E-22 2.34155E-22 +8.03150E-23 29.279% ---Yes----
171 5.00000E+01 5.00000E+01 3.14470E-22 2.34155E-22 +8.03149E-23 29.279% ---Yes----
172 5.00000E+01 5.00000E+01 3.14470E-22 2.34155E-22 +8.03148E-23 29.279% ---Yes----
173 5.00000E+01 5.00000E+01 3.14470E-22 2.34155E-22 +8.03146E-23 29.279% ---Yes----
174 5.00000E+01 5.00000E+01 3.14469E-22 2.34155E-22 +8.03145E-23 29.279% ---Yes----
175 5.00000E+01 5.00000E+01 3.14469E-22 2.34155E-22 +8.03144E-23 29.278% ---Yes----
176 5.00000E+01 5.00000E+01 3.14469E-22 2.34155E-22 +8.03143E-23 29.278% ---Yes----
177 5.00000E+01 5.00000E+01 3.14469E-22 2.34155E-22 +8.03141E-23 29.278% ---Yes----
178 5.00000E+01 5.00000E+01 3.14469E-22 2.34155E-22 +8.03140E-23 29.278% ---Yes----
179 5.00000E+01 5.00000E+01 3.14468E-22 2.34154E-22 +8.03139E-23 29.278% ---Yes----
180 5.00000E+01 5.00000E+01 3.14468E-22 2.34154E-22 +8.03137E-23 29.278% ---Yes----
181 5.00000E+01 5.00000E+01 3.14468E-22 2.34154E-22 +8.03136E-23 29.278% ---Yes----
182 5.00000E+01 5.00000E+01 3.14468E-22 2.34154E-22 +8.03135E-23 29.278% ---Yes----
183 5.00000E+01 5.00000E+01 3.14466E-22 2.34153E-22 +8.03122E-23 29.278% ---Yes----
184 5.00000E+01 5.00000E+01 3.14463E-22 2.34152E-22 +8.03109E-23 29.278% ---Yes----
185 5.00000E+01 5.00000E+01 3.14461E-22 2.34151E-22 +8.03096E-23 29.277% ---Yes----
186 5.00000E+01 5.00000E+01 3.14459E-22 2.34151E-22 +8.03083E-23 29.277% ---Yes----
187 5.00000E+01 5.00000E+01 3.14457E-22 2.34150E-22 +8.03070E-23 29.277% ---Yes----
188 5.00000E+01 5.00000E+01 3.14454E-22 2.34149E-22 +8.03056E-23 29.276% ---Yes----
189 5.00000E+01 5.00000E+01 3.14452E-22 2.34148E-22 +8.03043E-23 29.276% ---Yes----
190 5.00000E+01 5.00000E+01 3.14450E-22 2.34147E-22 +8.03030E-23 29.276% ---Yes----
191 5.00000E+01 5.00000E+01 3.14447E-22 2.34146E-22 +8.03016E-23 29.275% ---Yes----
192 5.00000E+01 5.00000E+01 3.14445E-22 2.34145E-22 +8.03003E-23 29.275% ---Yes----
193 5.00000E+01 5.00000E+01 3.14443E-22 2.34144E-22 +8.02989E-23 29.275% ---Yes----
194 5.00000E+01 5.00000E+01 3.14440E-22 2.34143E-22 +8.02975E-23 29.275% ---Yes----
195 5.00000E+01 5.00000E+01 3.14438E-22 2.34142E-22 +8.02962E-23 29.274% ---Yes----
196 5.00000E+01 5.00000E+01 3.14435E-22 2.34141E-22 +8.02948E-23 29.274% ---Yes----
197 5.00000E+01 5.00000E+01 3.14433E-22 2.34140E-22 +8.02934E-23 29.274% ---Yes----
198 5.00000E+01 5.00000E+01 3.14431E-22 2.34139E-22 +8.02920E-23 29.273% ---Yes----
199 5.00000E+01 5.00000E+01 3.14428E-22 2.34137E-22 +8.02906E-23 29.273% ---Yes----
200 5.00000E+01 5.00000E+01 3.14426E-22 2.34136E-22 +8.02892E-23 29.273% ---Yes----
201 5.00000E+01 5.00000E+01 3.14423E-22 2.34135E-22 +8.02878E-23 29.272% ---Yes----
202 5.00000E+01 5.00000E+01 3.14421E-22 2.34134E-22 +8.02864E-23 29.272% ---Yes----
203 5.00000E+01 5.00000E+01 3.14418E-22 2.34133E-22 +8.02850E-23 29.272% ---Yes----
204 5.00000E+01 5.00000E+01 3.14415E-22 2.34132E-22 +8.02835E-23 29.271% ---Yes----
205 5.00000E+01 5.00000E+01 3.14413E-22 2.34131E-22 +8.02821E-23 29.271% ---Yes----
206 5.00000E+01 5.00000E+01 3.14410E-22 2.34130E-22 +8.02806E-23 29.271% ---Yes----
207 5.00000E+01 5.00000E+01 3.14408E-22 2.34128E-22 +8.02792E-23 29.270% ---Yes----
208 5.00000E+01 5.00000E+01 3.14405E-22 2.34127E-22 +8.02777E-23 29.270% ---Yes----
209 5.00000E+01 5.00000E+01 3.14402E-22 2.34126E-22 +8.02762E-23 29.270% ---Yes----
210 5.00000E+01 5.00000E+01 3.14400E-22 2.34125E-22 +8.02747E-23 29.269% ---Yes----
211 5.00000E+01 5.00000E+01 3.14397E-22 2.34124E-22 +8.02732E-23 29.269% ---Yes----
212 5.00000E+01 5.00000E+01 3.14394E-22 2.34122E-22 +8.02717E-23 29.269% ---Yes----
213 5.00000E+01 5.00000E+01 3.14391E-22 2.34121E-22 +8.02702E-23 29.268% ---Yes----
214 5.00000E+01 5.00000E+01 3.14388E-22 2.34120E-22 +8.02687E-23 29.268% ---Yes----
215 5.00000E+01 5.00000E+01 3.14386E-22 2.34118E-22 +8.02672E-23 29.268% ---Yes----
216 5.00000E+01 5.00000E+01 3.14383E-22 2.34117E-22 +8.02656E-23 29.267% ---Yes----
217 5.00000E+01 5.00000E+01 3.14380E-22 2.34116E-22 +8.02641E-23 29.267% ---Yes----
218 5.00000E+01 5.00000E+01 3.14377E-22 2.34114E-22 +8.02625E-23 29.267% ---Yes----
219 5.00000E+01 5.00000E+01 3.14374E-22 2.34113E-22 +8.02610E-23 29.266% ---Yes----
220 5.00000E+01 5.00000E+01 3.14371E-22 2.34112E-22 +8.02594E-23 29.266% ---Yes----
221 5.00000E+01 5.00000E+01 3.14368E-22 2.34110E-22 +8.02578E-23 29.266% ---Yes----
222 5.00000E+01 5.00000E+01 3.14365E-22 2.34109E-22 +8.02562E-23 29.265% ---Yes----
223 5.00000E+01 5.00000E+01 3.14362E-22 2.34107E-22 +8.02546E-23 29.265% ---Yes----
224 5.00000E+01 5.00000E+01 3.14359E-22 2.34106E-22 +8.02530E-23 29.265% ---Yes----
225 5.00000E+01 5.00000E+01 3.14356E-22 2.34104E-22 +8.02513E-23 29.264% ---Yes----
226 5.00000E+01 5.00000E+01 3.14353E-22 2.34103E-22 +8.02497E-23 29.264% ---Yes----
227 5.00000E+01 5.00000E+01 3.14349E-22 2.34101E-22 +8.02480E-23 29.264% ---Yes----
228 5.00000E+01 5.00000E+01 3.14346E-22 2.34100E-22 +8.02464E-23 29.263% ---Yes----
229 5.00000E+01 5.00000E+01 3.14343E-22 2.34098E-22 +8.02447E-23 29.263% ---Yes----
230 5.00000E+01 5.00000E+01 3.14340E-22 2.34097E-22 +8.02430E-23 29.262% ---Yes----
231 5.00000E+01 5.00000E+01 3.14336E-22 2.34095E-22 +8.02413E-23 29.262% ---Yes----
232 5.00000E+01 5.00000E+01 3.14333E-22 2.34093E-22 +8.02396E-23 29.262% ---Yes----
233 5.00000E+01 5.00000E+01 3.14330E-22 2.34092E-22 +8.02379E-23 29.261% ---Yes----
234 5.00000E+01 5.00000E+01 3.14326E-22 2.34090E-22 +8.02361E-23 29.261% ---Yes----
235 5.00000E+01 5.00000E+01 3.14323E-22 2.34088E-22 +8.02344E-23 29.261% ---Yes----
236 5.00000E+01 5.00000E+01 3.14319E-22 2.34087E-22 +8.02326E-23 29.260% ---Yes----
237 5.00000E+01 5.00000E+01 3.14316E-22 2.34085E-22 +8.02309E-23 29.260% ---Yes----
238 5.00000E+01 5.00000E+01 3.14312E-22 2.34083E-22 +8.02291E-23 29.260% ---Yes----
239 5.00000E+01 5.00000E+01 3.14309E-22 2.34081E-22 +8.02273E-23 29.259% ---Yes----
240 5.00000E+01 5.00000E+01 3.14305E-22 2.34079E-22 +8.02255E-23 29.259% ---Yes----
241 5.00000E+01 5.00000E+01 3.14301E-22 2.34077E-22 +8.02237E-23 29.259% ---Yes----
242 5.00000E+01 5.00000E+01 3.14297E-22 2.34076E-22 +8.02219E-23 29.258% ---Yes----
243 5.00000E+01 5.00000E+01 3.14294E-22 2.34074E-22 +8.02201E-23 29.258% ---Yes----
244 5.00000E+01 5.00000E+01 3.14290E-22 2.34072E-22 +8.02182E-23 29.257% ---Yes----
245 5.00000E+01 5.00000E+01 3.14286E-22 2.34070E-22 +8.02164E-23 29.257% ---Yes----
246 5.00000E+01 5.00000E+01 3.14282E-22 2.34068E-22 +8.02146E-23 29.257% ---Yes----
247 5.00000E+01 5.00000E+01 3.14278E-22 2.34066E-22 +8.02127E-23 29.256% ---Yes----
248 5.00000E+01 5.00000E+01 3.14274E-22 2.34063E-22 +8.02109E-23 29.256% ---Yes----
249 5.00000E+01 5.00000E+01 3.14270E-22 2.34061E-22 +8.02091E-23 29.256% ---Yes----
250 5.00000E+01 5.00000E+01 3.14266E-22 2.34059E-22 +8.02073E-23 29.255% ---Yes----
251 5.00000E+01 5.00000E+01 3.14262E-22 2.34057E-22 +8.02055E-23 29.255% ---Yes----
252 5.00000E+01 5.00000E+01 3.14258E-22 2.34055E-22 +8.02037E-23 29.255% ---Yes----
253 5.00000E+01 5.00000E+01 3.14254E-22 2.34052E-22 +8.02020E-23 29.254% ---Yes----
254 5.00000E+01 5.00000E+01 3.14250E-22 2.34050E-22 +8.02003E-23 29.254% ---Yes----
255 5.00000E+01 5.00000E+01 3.14246E-22 2.34048E-22 +8.01987E-23 29.254% ---Yes----
256 5.00000E+01 5.00000E+01 3.14242E-22 2.34045E-22 +8.01972E-23 29.254% ---Yes----
257 5.00000E+01 5.00000E+01 3.14239E-22 2.34043E-22 +8.01957E-23 29.254% ---Yes----
258 5.00000E+01 5.00000E+01 3.14235E-22 2.34040E-22 +8.01944E-23 29.253% ---Yes----
259 5.00000E+01 5.00000E+01 3.14231E-22 2.34038E-22 +8.01932E-23 29.253% ---Yes----
260 5.00000E+01 5.00000E+01 3.14227E-22 2.34035E-22 +8.01922E-23 29.253% ---Yes----
261 5.00000E+01 5.00000E+01 3.14224E-22 2.34032E-22 +8.01915E-23 29.253% ---Yes----
262 5.00000E+01 5.00000E+01 3.14221E-22 2.34030E-22 +8.01909E-23 29.253% ---Yes----
263 5.00000E+01 5.00000E+01 3.14218E-22 2.34027E-22 +8.01908E-23 29.254% ---Yes----
264 5.00000E+01 5.00000E+01 3.14215E-22 2.34024E-22 +8.01909E-23 29.254% ---Yes----
265 5.00000E+01 5.00000E+01 3.14213E-22 2.34021E-22 +8.01916E-23 29.255% ---Yes----
266 5.00000E+01 5.00000E+01 3.14211E-22 2.34018E-22 +8.01928E-23 29.255% ---Yes----
267 5.00000E+01 5.00000E+01 3.14210E-22 2.34015E-22 +8.01946E-23 29.256% ---Yes----
268 5.00000E+01 5.00000E+01 3.14209E-22 2.34012E-22 +8.01972E-23 29.257% ---Yes----
269 5.00000E+01 5.00000E+01 3.14210E-22 2.34009E-22 +8.02007E-23 29.259% ---Yes----
270 5.00000E+01 5.00000E+01 3.14211E-22 2.34006E-22 +8.02054E-23 29.260% ---Yes----
271 5.00000E+01 5.00000E+01 3.14214E-22 2.34003E-22 +8.02113E-23 29.263% ---Yes----
272 5.00000E+01 5.00000E+01 3.14218E-22 2.33999E-22 +8.02187E-23 29.265% ---Yes----
273 5.00000E+01 5.00000E+01 3.14497E-22 2.33958E-22 +8.05384E-23 29.369% ---Yes----
274 5.00000E+01 5.00000E+01 3.15854E-22 2.33893E-22 +8.19612E-23 29.818% ---Yes----
275 5.00000E+01 5.00000E+01 3.20360E-22 2.33759E-22 +8.66017E-23 31.257% ---Yes----
276 5.00000E+01 5.00000E+01 3.28269E-22 2.33499E-22 +9.47699E-23 33.740% ---Yes----
277 5.00000E+01 5.00000E+01 3.38886E-22 2.32985E-22 +1.05901E-22 37.037% ---Yes----
278 5.00000E+01 5.00000E+01 3.48013E-22 2.32070E-22 +1.15942E-22 39.974% ---Yes----
279 5.00000E+01 5.00000E+01 3.50613E-22 2.30602E-22 +1.20011E-22 41.296% ---Yes----
280 5.00000E+01 5.00000E+01 3.44121E-22 2.28654E-22 +1.15466E-22 40.318% ---Yes----
281 5.00000E+01 5.00000E+01 3.34146E-22 2.26209E-22 +1.07937E-22 38.524% ---Yes----
282 5.00000E+01 5.00000E+01 3.24579E-22 2.23360E-22 +1.01219E-22 36.945% ---Yes----
283 5.00000E+01 5.00000E+01 3.14760E-22 2.20276E-22 +9.44838E-23 35.319% ---Yes----
284 5.00000E+01 5.00000E+01 3.05557E-22 2.17131E-22 +8.84260E-23 33.835% ---Yes----
285 5.00000E+01 5.00000E+01 2.97345E-22 2.14066E-22 +8.32798E-23 32.569% ---Yes----
286 5.00000E+01 5.00000E+01 2.90209E-22 2.11178E-22 +7.90315E-23 31.525% ---Yes----
287 5.00000E+01 5.00000E+01 2.84089E-22 2.08523E-22 +7.55662E-23 30.680% ---Yes----
288 5.00000E+01 5.00000E+01 2.78870E-22 2.06173E-22 +7.26969E-23 29.975% ---Yes----
289 5.00000E+01 5.00000E+01 2.74452E-22 2.04158E-22 +7.02939E-23 29.374% ---Yes----
290 5.00000E+01 5.00000E+01 2.70809E-22 2.02342E-22 +6.84665E-23 28.941% ---Yes----
291 5.00000E+01 5.00000E+01 2.67772E-22 2.00707E-22 +6.70653E-23 28.631% ---Yes----
292 5.00000E+01 5.00000E+01 2.65117E-22 1.99229E-22 +6.58875E-23 28.379% ---Yes----
293 5.00000E+01 5.00000E+01 2.62776E-22 1.97889E-22 +6.48863E-23 28.171% ---Yes----
294 5.00000E+01 5.00000E+01 2.60696E-22 1.96670E-22 +6.40260E-23 27.998% ---Yes----
295 5.00000E+01 5.00000E+01 2.58834E-22 1.95555E-22 +6.32791E-23 27.852% ---Yes----
296 5.00000E+01 5.00000E+01 2.57155E-22 1.94531E-22 +6.26244E-23 27.729% ---Yes----
297 5.00000E+01 5.00000E+01 2.55631E-22 1.93586E-22 +6.20454E-23 27.624% ---Yes----
298 5.00000E+01 5.00000E+01 2.54240E-22 1.92711E-22 +6.15291E-23 27.533% ---Yes----
299 5.00000E+01 5.00000E+01 2.52962E-22 1.91897E-22 +6.10650E-23 27.454% ---Yes----
300 5.00000E+01 5.00000E+01 2.51781E-22 1.91136E-22 +6.06449E-23 27.384% ---Yes----
301 5.00000E+01 5.00000E+01 2.50685E-22 1.90422E-22 +6.02622E-23 27.323% ---Yes----
302 5.00000E+01 5.00000E+01 2.49662E-22 1.89751E-22 +5.99112E-23 27.269% ---Yes----
303 5.00000E+01 5.00000E+01 2.48704E-22 1.89116E-22 +5.95874E-23 27.220% ---Yes----
304 5.00000E+01 5.00000E+01 2.47803E-22 1.88515E-22 +5.92875E-23 27.176% ---Yes----
305 5.00000E+01 5.00000E+01 2.46953E-22 1.87944E-22 +5.90082E-23 27.137% ---Yes----
306 5.00000E+01 5.00000E+01 2.46147E-22 1.87400E-22 +5.87469E-23 27.101% ---Yes----
307 5.00000E+01 5.00000E+01 2.45381E-22 1.86880E-22 +5.85014E-23 27.068% ---Yes----
308 5.00000E+01 5.00000E+01 2.44652E-22 1.86382E-22 +5.82700E-23 27.037% ---Yes----
309 5.00000E+01 5.00000E+01 2.43955E-22 1.85904E-22 +5.80510E-23 27.009% ---Yes----
310 5.00000E+01 5.00000E+01 2.43287E-22 1.85443E-22 +5.78432E-23 26.984% ---Yes----
311 5.00000E+01 5.00000E+01 2.42645E-22 1.85000E-22 +5.76454E-23 26.959% ---Yes----
312 5.00000E+01 5.00000E+01 2.42028E-22 1.84572E-22 +5.74565E-23 26.937% ---Yes----
313 5.00000E+01 5.00000E+01 2.41433E-22 1.84157E-22 +5.72758E-23 26.916% ---Yes----
314 5.00000E+01 5.00000E+01 2.40858E-22 1.83756E-22 +5.71025E-23 26.896% ---Yes----
315 5.00000E+01 5.00000E+01 2.40302E-22 1.83366E-22 +5.69359E-23 26.878% ---Yes----
316 5.00000E+01 5.00000E+01 2.39763E-22 1.82988E-22 +5.67754E-23 26.860% ---Yes----
317 5.00000E+01 5.00000E+01 2.39240E-22 1.82620E-22 +5.66206E-23 26.843% ---Yes----
318 5.00000E+01 5.00000E+01 2.38732E-22 1.82261E-22 +5.64710E-23 26.828% ---Yes----
319 5.00000E+01 5.00000E+01 2.38238E-22 1.81912E-22 +5.63262E-23 26.812% ---Yes----
320 5.00000E+01 5.00000E+01 2.37756E-22 1.81570E-22 +5.61858E-23 26.798% ---Yes----
321 5.00000E+01 5.00000E+01 2.37287E-22 1.81237E-22 +5.60495E-23 26.784% ---Yes----
322 5.00000E+01 5.00000E+01 2.36828E-22 1.80911E-22 +5.59171E-23 26.771% ---Yes----
323 5.00000E+01 5.00000E+01 2.36380E-22 1.80592E-22 +5.57882E-23 26.759% ---Yes----
324 5.00000E+01 5.00000E+01 2.35942E-22 1.80280E-22 +5.56627E-23 26.747% ---Yes----
325 5.00000E+01 5.00000E+01 2.35514E-22 1.79974E-22 +5.55403E-23 26.735% ---Yes----
326 5.00000E+01 5.00000E+01 2.35094E-22 1.79673E-22 +5.54209E-23 26.724% ---Yes----
327 5.00000E+01 5.00000E+01 2.34683E-22 1.79379E-22 +5.53042E-23 26.713% ---Yes----
328 5.00000E+01 5.00000E+01 2.34279E-22 1.79089E-22 +5.51900E-23 26.703% ---Yes----
329 5.00000E+01 5.00000E+01 2.33883E-22 1.78805E-22 +5.50784E-23 26.693% ---Yes----
330 5.00000E+01 5.00000E+01 2.33495E-22 1.78525E-22 +5.49692E-23 26.683% ---Yes----
331 5.00000E+01 5.00000E+01 2.33113E-22 1.78250E-22 +5.48621E-23 26.673% ---Yes----
332 5.00000E+01 5.00000E+01 2.32737E-22 1.77980E-22 +5.47572E-23 26.664% ---Yes----
333 5.00000E+01 5.00000E+01 2.32368E-22 1.77714E-22 +5.46542E-23 26.655% ---Yes----
334 5.00000E+01 5.00000E+01 2.32005E-22 1.77451E-22 +5.45532E-23 26.647% ---Yes----
335 5.00000E+01 5.00000E+01 2.31647E-22 1.77193E-22 +5.44540E-23 26.638% ---Yes----
336 5.00000E+01 5.00000E+01 2.31295E-22 1.76938E-22 +5.43565E-23 26.630% ---Yes----
337 5.00000E+01 5.00000E+01 2.30948E-22 1.76687E-22 +5.42607E-23 26.622% ---Yes----
338 5.00000E+01 5.00000E+01 2.30606E-22 1.76440E-22 +5.41664E-23 26.614% ---Yes----
339 5.00000E+01 5.00000E+01 2.30269E-22 1.76196E-22 +5.40737E-23 26.607% ---Yes----
340 5.00000E+01 5.00000E+01 2.29937E-22 1.75954E-22 +5.39825E-23 26.599% ---Yes----
341 5.00000E+01 5.00000E+01 2.29609E-22 1.75716E-22 +5.38926E-23 26.592% ---Yes----
342 5.00000E+01 5.00000E+01 2.29285E-22 1.75481E-22 +5.38041E-23 26.585% ---Yes----
343 5.00000E+01 5.00000E+01 2.28966E-22 1.75249E-22 +5.37170E-23 26.578% ---Yes----
344 5.00000E+01 5.00000E+01 2.28651E-22 1.75020E-22 +5.36311E-23 26.572% ---Yes----
345 5.00000E+01 5.00000E+01 2.28340E-22 1.74793E-22 +5.35464E-23 26.565% ---Yes----
346 5.00000E+01 5.00000E+01 2.28032E-22 1.74570E-22 +5.34629E-23 26.559% ---Yes----
347 5.00000E+01 5.00000E+01 2.27729E-22 1.74348E-22 +5.33805E-23 26.552% ---Yes----
348 5.00000E+01 5.00000E+01 2.27428E-22 1.74129E-22 +5.32992E-23 26.546% ---Yes----
349 5.00000E+01 5.00000E+01 2.27132E-22 1.73913E-22 +5.32190E-23 26.540% ---Yes----
350 5.00000E+01 5.00000E+01 2.26839E-22 1.73699E-22 +5.31398E-23 26.534% ---Yes----
351 5.00000E+01 5.00000E+01 2.26549E-22 1.73487E-22 +5.30616E-23 26.528% ---Yes----
352 5.00000E+01 5.00000E+01 2.26262E-22 1.73277E-22 +5.29844E-23 26.523% ---Yes----
353 5.00000E+01 5.00000E+01 2.25978E-22 1.73070E-22 +5.29081E-23 26.517% ---Yes----
354 5.00000E+01 5.00000E+01 2.25697E-22 1.72865E-22 +5.28327E-23 26.512% ---Yes----
355 5.00000E+01 5.00000E+01 2.25420E-22 1.72661E-22 +5.27582E-23 26.506% ---Yes----
356 5.00000E+01 5.00000E+01 2.25145E-22 1.72460E-22 +5.26846E-23 26.501% ---Yes----
357 5.00000E+01 5.00000E+01 2.24873E-22 1.72261E-22 +5.26118E-23 26.496% ---Yes----
358 5.00000E+01 5.00000E+01 2.24603E-22 1.72064E-22 +5.25399E-23 26.491% ---Yes----
359 5.00000E+01 5.00000E+01 2.24337E-22 1.71868E-22 +5.24687E-23 26.486% ---Yes----
360 5.00000E+01 5.00000E+01 2.24073E-22 1.71675E-22 +5.23984E-23 26.481% ---Yes----
361 5.00000E+01 5.00000E+01 2.23811E-22 1.71483E-22 +5.23288E-23 26.476% ---Yes----
362 5.00000E+01 5.00000E+01 2.23553E-22 1.71293E-22 +5.22599E-23 26.471% ---Yes----
363 5.00000E+01 5.00000E+01 2.21090E-22 1.69482E-22 +5.16084E-23 26.427% ---Yes----
364 5.00000E+01 5.00000E+01 2.18828E-22 1.67813E-22 +5.10151E-23 26.389% ---Yes----
365 5.00000E+01 5.00000E+01 2.16736E-22 1.66266E-22 +5.04698E-23 26.355% ---Yes----
366 5.00000E+01 5.00000E+01 2.14787E-22 1.64822E-22 +4.99650E-23 26.324% ---Yes----
367 5.00000E+01 5.00000E+01 2.12964E-22 1.63470E-22 +4.94948E-23 26.297% ---Yes----
368 5.00000E+01 5.00000E+01 2.11252E-22 1.62198E-22 +4.90547E-23 26.271% ---Yes----
369 5.00000E+01 5.00000E+01 2.09639E-22 1.60998E-22 +4.86410E-23 26.247% ---Yes----
370 5.00000E+01 5.00000E+01 2.08114E-22 1.59863E-22 +4.82506E-23 26.225% ---Yes----
371 5.00000E+01 5.00000E+01 2.06668E-22 1.58787E-22 +4.78808E-23 26.203% ---Yes----
372 5.00000E+01 5.00000E+01 2.05295E-22 1.57765E-22 +4.75297E-23 26.183% ---Yes----
373 5.00000E+01 5.00000E+01 2.03987E-22 1.56792E-22 +4.71952E-23 26.163% ---Yes----
374 5.00000E+01 5.00000E+01 2.02739E-22 1.55863E-22 +4.68758E-23 26.144% ---Yes----
375 5.00000E+01 5.00000E+01 2.01546E-22 1.54976E-22 +4.65702E-23 26.125% ---Yes----
376 5.00000E+01 5.00000E+01 2.00404E-22 1.54128E-22 +4.62770E-23 26.106% ---Yes----
377 5.00000E+01 5.00000E+01 1.99309E-22 1.53314E-22 +4.59952E-23 26.087% ---Yes----
378 5.00000E+01 5.00000E+01 1.98258E-22 1.52534E-22 +4.57239E-23 26.069% ---Yes----
379 5.00000E+01 5.00000E+01 1.97247E-22 1.51785E-22 +4.54622E-23 26.051% ---Yes----
380 5.00000E+01 5.00000E+01 1.96273E-22 1.51064E-22 +4.52094E-23 26.032% ---Yes----
381 5.00000E+01 5.00000E+01 1.95334E-22 1.50370E-22 +4.49648E-23 26.013% ---Yes----
382 5.00000E+01 5.00000E+01 1.94429E-22 1.49701E-22 +4.47278E-23 25.995% ---Yes----
383 5.00000E+01 5.00000E+01 1.93553E-22 1.49055E-22 +4.44979E-23 25.976% ---Yes----
384 5.00000E+01 5.00000E+01 1.92707E-22 1.48432E-22 +4.42745E-23 25.957% ---Yes----
385 5.00000E+01 5.00000E+01 1.91888E-22 1.47830E-22 +4.40573E-23 25.938% ---Yes----
386 5.00000E+01 5.00000E+01 1.91094E-22 1.47248E-22 +4.38458E-23 25.918% ---Yes----
387 5.00000E+01 5.00000E+01 1.90324E-22 1.46684E-22 +4.36397E-23 25.898% ---Yes----
388 5.00000E+01 5.00000E+01 1.89577E-22 1.46138E-22 +4.34385E-23 25.878% ---Yes----
389 5.00000E+01 5.00000E+01 1.88851E-22 1.45609E-22 +4.32421E-23 25.858% ---Yes----
390 5.00000E+01 5.00000E+01 1.88145E-22 1.45095E-22 +4.30501E-23 25.837% ---Yes----
391 5.00000E+01 5.00000E+01 1.87459E-22 1.44597E-22 +4.28623E-23 25.816% ---Yes----
392 5.00000E+01 5.00000E+01 1.86791E-22 1.44112E-22 +4.26784E-23 25.795% ---Yes----
393 5.00000E+01 5.00000E+01 1.86140E-22 1.43642E-22 +4.24982E-23 25.774% ---Yes----
394 5.00000E+01 5.00000E+01 1.85506E-22 1.43184E-22 +4.23215E-23 25.752% ---Yes----
395 5.00000E+01 5.00000E+01 1.84887E-22 1.42739E-22 +4.21482E-23 25.729% ---Yes----
396 5.00000E+01 5.00000E+01 1.84284E-22 1.42306E-22 +4.19779E-23 25.707% ---Yes----
397 5.00000E+01 5.00000E+01 1.83694E-22 1.41883E-22 +4.18107E-23 25.684% ---Yes----
398 5.00000E+01 5.00000E+01 1.83118E-22 1.41472E-22 +4.16463E-23 25.661% ---Yes----
399 5.00000E+01 5.00000E+01 1.82556E-22 1.41071E-22 +4.14845E-23 25.637% ---Yes----
400 5.00000E+01 5.00000E+01 1.82005E-22 1.40680E-22 +4.13253E-23 25.613% ---Yes----
401 5.00000E+01 5.00000E+01 1.81467E-22 1.40298E-22 +4.11686E-23 25.589% ---Yes----
402 5.00000E+01 5.00000E+01 1.80940E-22 1.39925E-22 +4.10142E-23 25.565% ---Yes----
403 5.00000E+01 5.00000E+01 1.80423E-22 1.39562E-22 +4.08620E-23 25.540% ---Yes----
404 5.00000E+01 5.00000E+01 1.79918E-22 1.39206E-22 +4.07119E-23 25.515% ---Yes----
405 5.00000E+01 5.00000E+01 1.79422E-22 1.38858E-22 +4.05638E-23 25.489% ---Yes----
406 5.00000E+01 5.00000E+01 1.78936E-22 1.38519E-22 +4.04176E-23 25.464% ---Yes----
407 5.00000E+01 5.00000E+01 1.78460E-22 1.38186E-22 +4.02733E-23 25.437% ---Yes----
408 5.00000E+01 5.00000E+01 1.77992E-22 1.37861E-22 +4.01308E-23 25.411% ---Yes----
409 5.00000E+01 5.00000E+01 1.77533E-22 1.37543E-22 +3.99899E-23 25.384% ---Yes----
410 5.00000E+01 5.00000E+01 1.77082E-22 1.37231E-22 +3.98507E-23 25.357% ---Yes----
411 5.00000E+01 5.00000E+01 1.76639E-22 1.36926E-22 +3.97130E-23 25.330% ---Yes----
412 5.00000E+01 5.00000E+01 1.76204E-22 1.36627E-22 +3.95768E-23 25.302% ---Yes----
413 5.00000E+01 5.00000E+01 1.75776E-22 1.36334E-22 +3.94421E-23 25.275% ---Yes----
414 5.00000E+01 5.00000E+01 1.75355E-22 1.36047E-22 +3.93088E-23 25.246% ---Yes----
415 5.00000E+01 5.00000E+01 1.74942E-22 1.35765E-22 +3.91767E-23 25.218% ---Yes----
416 5.00000E+01 5.00000E+01 1.74535E-22 1.35488E-22 +3.90460E-23 25.189% ---Yes----
417 5.00000E+01 5.00000E+01 1.74134E-22 1.35217E-22 +3.89165E-23 25.160% ---Yes----
418 5.00000E+01 5.00000E+01 1.73740E-22 1.34951E-22 +3.87882E-23 25.131% ---Yes----
419 5.00000E+01 5.00000E+01 1.73351E-22 1.34690E-22 +3.86610E-23 25.101% ---Yes----
420 5.00000E+01 5.00000E+01 1.72969E-22 1.34434E-22 +3.85350E-23 25.071% ---Yes----
421 5.00000E+01 5.00000E+01 1.72592E-22 1.34182E-22 +3.84100E-23 25.041% ---Yes----
422 5.00000E+01 5.00000E+01 1.72221E-22 1.33935E-22 +3.82860E-23 25.011% ---Yes----
423 5.00000E+01 5.00000E+01 1.71855E-22 1.33692E-22 +3.81631E-23 24.980% ---Yes----
424 5.00000E+01 5.00000E+01 1.71494E-22 1.33453E-22 +3.80411E-23 24.949% ---Yes----
425 5.00000E+01 5.00000E+01 1.71138E-22 1.33218E-22 +3.79200E-23 24.918% ---Yes----
426 5.00000E+01 5.00000E+01 1.70787E-22 1.32987E-22 +3.77999E-23 24.887% ---Yes----
427 5.00000E+01 5.00000E+01 1.70441E-22 1.32760E-22 +3.76806E-23 24.855% ---Yes----
428 5.00000E+01 5.00000E+01 1.70099E-22 1.32537E-22 +3.75621E-23 24.823% ---Yes----
429 5.00000E+01 5.00000E+01 1.69762E-22 1.32317E-22 +3.74445E-23 24.791% ---Yes----
430 5.00000E+01 5.00000E+01 1.69429E-22 1.32101E-22 +3.73277E-23 24.759% ---Yes----
431 5.00000E+01 5.00000E+01 1.69100E-22 1.31888E-22 +3.72116E-23 24.726% ---Yes----
432 5.00000E+01 5.00000E+01 1.68775E-22 1.31679E-22 +3.70963E-23 24.694% ---Yes----
433 5.00000E+01 5.00000E+01 1.68454E-22 1.31473E-22 +3.69818E-23 24.661% ---Yes----
434 5.00000E+01 5.00000E+01 1.68137E-22 1.31269E-22 +3.68679E-23 24.627% ---Yes----
435 5.00000E+01 5.00000E+01 1.67824E-22 1.31070E-22 +3.67547E-23 24.594% ---Yes----
436 5.00000E+01 5.00000E+01 1.67515E-22 1.30873E-22 +3.66422E-23 24.560% ---Yes----
437 5.00000E+01 5.00000E+01 1.67209E-22 1.30679E-22 +3.65303E-23 24.526% ---Yes----
438 5.00000E+01 5.00000E+01 1.66906E-22 1.30487E-22 +3.64191E-23 24.492% ---Yes----
439 5.00000E+01 5.00000E+01 1.66607E-22 1.30299E-22 +3.63084E-23 24.458% ---Yes----
440 5.00000E+01 5.00000E+01 1.66312E-22 1.30113E-22 +3.61984E-23 24.423% ---Yes----
441 5.00000E+01 5.00000E+01 1.66019E-22 1.29930E-22 +3.60889E-23 24.389% ---Yes----
442 5.00000E+01 5.00000E+01 1.65730E-22 1.29750E-22 +3.59800E-23 24.354% ---Yes----
443 5.00000E+01 5.00000E+01 1.65443E-22 1.29571E-22 +3.58717E-23 24.319% ---Yes----
444 5.00000E+01 5.00000E+01 1.65160E-22 1.29396E-22 +3.57639E-23 24.283% ---Yes----
445 5.00000E+01 5.00000E+01 1.64879E-22 1.29223E-22 +3.56566E-23 24.248% ---Yes----
446 5.00000E+01 5.00000E+01 1.64602E-22 1.29052E-22 +3.55498E-23 24.212% ---Yes----
447 5.00000E+01 5.00000E+01 1.64327E-22 1.28883E-22 +3.54436E-23 24.176% ---Yes----
448 5.00000E+01 5.00000E+01 1.64055E-22 1.28717E-22 +3.53378E-23 24.140% ---Yes----
449 5.00000E+01 5.00000E+01 1.63785E-22 1.28553E-22 +3.52325E-23 24.104% ---Yes----
450 5.00000E+01 5.00000E+01 1.63518E-22 1.28391E-22 +3.51276E-23 24.068% ---Yes----
451 5.00000E+01 5.00000E+01 1.63254E-22 1.28231E-22 +3.50232E-23 24.031% ---Yes----
452 5.00000E+01 5.00000E+01 1.62992E-22 1.28073E-22 +3.49192E-23 23.994% ---Yes----
453 5.00000E+01 5.00000E+01 1.60498E-22 1.26596E-22 +3.39018E-23 23.617% ---Yes----
454 5.00000E+01 5.00000E+01 1.58200E-22 1.25281E-22 +3.29192E-23 23.225% ---Yes----
455 5.00000E+01 5.00000E+01 1.56065E-22 1.24099E-22 +3.19652E-23 22.819% ---Yes----
456 5.00000E+01 5.00000E+01 1.54064E-22 1.23029E-22 +3.10354E-23 22.401% ---Yes----
457 5.00000E+01 5.00000E+01 1.52178E-22 1.22052E-22 +3.01260E-23 21.971% ---Yes----
458 5.00000E+01 5.00000E+01 1.50391E-22 1.21156E-22 +2.92345E-23 21.532% ---Yes----
459 5.00000E+01 5.00000E+01 1.48688E-22 1.20329E-22 +2.83588E-23 21.083% ---Yes----
460 5.00000E+01 5.00000E+01 1.47060E-22 1.19563E-22 +2.74970E-23 20.626% ---Yes----
461 5.00000E+01 5.00000E+01 1.45498E-22 1.18850E-22 +2.66480E-23 20.161% ---Yes----
462 5.00000E+01 5.00000E+01 1.43995E-22 1.18184E-22 +2.58104E-23 19.689% ---Yes----
463 5.00000E+01 5.00000E+01 1.42543E-22 1.17560E-22 +2.49834E-23 19.210% ---Yes----
464 5.00000E+01 5.00000E+01 1.41139E-22 1.16973E-22 +2.41661E-23 18.725% ---Yes----
465 5.00000E+01 5.00000E+01 1.39777E-22 1.16419E-22 +2.33580E-23 18.234% ---Yes----
466 5.00000E+01 5.00000E+01 1.38455E-22 1.15896E-22 +2.25584E-23 17.738% ---Yes----
467 5.00000E+01 5.00000E+01 1.37168E-22 1.15401E-22 +2.17670E-23 17.236% ---Yes----
468 5.00000E+01 5.00000E+01 1.35913E-22 1.14930E-22 +2.09831E-23 16.730% ---Yes----
469 5.00000E+01 5.00000E+01 1.34689E-22 1.14483E-22 +2.02066E-23 16.219% ---Yes----
470 5.00000E+01 5.00000E+01 1.33493E-22 1.14056E-22 +1.94370E-23 15.704% ---Yes----
471 5.00000E+01 5.00000E+01 1.32323E-22 1.13648E-22 +1.86741E-23 15.184% ---Yes----
472 5.00000E+01 5.00000E+01 1.31177E-22 1.13259E-22 +1.79177E-23 14.660% ---Yes----
473 5.00000E+01 5.00000E+01 1.30053E-22 1.12886E-22 +1.71675E-23 14.133% ---Yes----
474 5.00000E+01 5.00000E+01 1.28951E-22 1.12528E-22 +1.64233E-23 13.602% ---Yes----
475 5.00000E+01 5.00000E+01 1.27869E-22 1.12184E-22 +1.56849E-23 13.068% ---Yes----
476 5.00000E+01 5.00000E+01 1.26806E-22 1.11854E-22 +1.49523E-23 12.530% ---Yes----
